[[235.86546181775282,
  22.209369364699405,
  19.53181011778626,
  27.717545779714566,
  3.04540849441366,
  22.893704666212734,
  12.091814547701295,
  11.378417089295484,
  20.175889593165323],
 [34.04142051376693,
  235.86546181775282,
  30.476776419024063,
  25.213052696959803,
  31.8523469406218,
  32.79559863899835,
  22.825803005004587,
  22.68347476680042,
  14.563724878229243],
 [31.36386126685379,
  30.476776419024063,
  235.86546181775282,
  24.54577272413587,
  28.38879756903989,
  15.347317232513943,
  30.49240557216652,
  26.87688279772066,
  27.881574660396623],
 [39.549596928782094,
  25.213052696959803,
  24.54577272413587,
  235.86546181775282,
  36.58890794337049,
  24.5107703916948,
  32.532668538299916,
  30.026853598313995,
  24.069274939645943],
 [14.877459643481183,
  31.8523469406218,
  28.38879756903989,
  36.58890794337049,
  235.86546181775282,
  31.786309260965947,
  22.539317851566423,
  21.038650998047743,
  29.645109636144483],
 [34.72575581528026,
  32.79559863899835,
  15.347317232513943,
  24.5107703916948,
  31.786309260965947,
  235.86546181775282,
  33.85605839723656,
  30.26602894679232,
  30.344361556474166],
 [23.92386569676882,
  22.825803005004587,
  30.49240557216652,
  32.532668538299916,
  22.539317851566423,
  33.85605839723656,
  235.86546181775282,
  15.467836361447528,
  21.570321664323846],
 [23.21046823836301,
  22.68347476680042,
  26.87688279772066,
  30.026853598313995,
  21.038650998047743,
  30.26602894679232,
  15.467836361447528,
  235.86546181775282,
  20.65506578843399],
 [32.00794074223285,
  14.563724878229243,
  27.881574660396623,
  24.069274939645943,
  29.645109636144483,
  30.344361556474166,
  21.570321664323846,
  20.65506578843399,
  235.86546181775282]]